ID,Buckingham Palace London,Kensington Palace London,St. Paul's Cathedral London,University of London,Westminster Abbey London,The British Museum,Tower Bridge London,Farringdon Station London,Victoria Station London,Piccadilly Circus Station London,Paddington Station London,Hyde Park London,London Bridge,Euston Station London,Waterloo Station London,London eye
1.2.1,45.71,54.29,,,,,,,,,,,,,,
1.2.3,59.70,40.30,,,,,,,,,,,,,,
1.2.5,38.71,61.29,,,,,,,,,,,,,,
1.2.10,78.85,21.15,,,,,,,,,,,,,,
1.2.15,32.22,67.78,,,,,,,,,,,,,,
1.5.1,23.45,27.85,20.73,7.25,20.73,,,,,,,,,,,
1.5.3,29.46,19.89,21.16,6.37,23.12,,,,,,,,,,,
1.5.5,13.47,21.33,18.58,6.19,40.42,,,,,,,,,,,
1.5.10,31.98,8.58,22.11,7.37,29.95,,,,,,,,,,,
1.5.15,16.66,35.04,15.40,5.13,27.77,,,,,,,,,,,
1.10.1,13.98,16.60,12.35,4.32,12.35,9.57,8.05,12.65,5.06,5.06,,,,,,
1.10.3,17.08,11.53,12.27,3.70,13.41,13.41,8.74,7.39,4.47,8.01,,,,,,
1.10.5,8.84,14.00,12.19,4.06,26.52,8.69,8.69,8.00,4.50,4.50,,,,,,
1.10.10,19.71,5.29,13.63,4.54,18.46,9.69,9.69,8.95,5.01,5.01,,,,,,
1.10.15,11.63,24.46,10.75,3.58,19.38,7.63,7.63,7.06,3.94,3.94,,,,,,
1.15.1,9.41,11.18,8.32,2.91,8.32,6.45,5.42,8.52,3.41,3.41,8.13,5.96,7.45,2.98,8.13,
1.15.3,10.86,7.33,7.80,2.35,8.53,8.53,5.56,4.70,2.84,5.09,5.91,8.43,7.64,3.06,11.37,
1.15.5,5.28,8.36,7.28,2.43,15.83,5.19,5.19,4.78,2.69,2.69,7.16,10.20,7.28,2.47,13.20,
1.15.10,11.24,3.01,7.77,2.59,10.53,5.53,5.53,5.10,2.86,2.86,7.65,10.87,7.77,2.63,14.05,
1.15.15,7.47,15.72,6.91,2.30,12.46,4.90,4.90,4.54,2.53,2.53,6.80,7.24,6.91,2.34,12.46,
2.15.1,3.11,,22.14,0.00,2.46,9.32,21.25,2.57,3.69,3.69,0.00,3.94,2.04,5.13,15.89,4.79
2.15.3,4.37,,8.46,0.00,4.84,0.00,37.91,3.56,0.00,0.00,0.00,6.77,9.34,0.00,19.34,5.42
2.15.5,7.38,,3.79,0.00,7.80,3.69,45.49,3.25,3.90,3.79,0.00,3.50,4.26,0.00,7.80,5.35
2.15.10,6.96,,5.22,4.57,9.84,3.41,17.06,4.65,7.11,6.96,3.94,8.05,5.69,3.63,8.89,4.00
2.15.15,7.34,,5.38,4.83,7.89,5.51,17.06,3.16,5.64,5.51,4.01,7.74,5.77,1.97,11.84,6.36
3.15.1,8.69,3.97,7.61,7.30,7.61,4.35,3.65,9.44,4.15,3.97,,9.13,6.30,4.80,10.53,8.49
3.15.3,8.88,3.58,6.66,3.11,7.46,7.17,3.58,8.47,4.24,3.45,,8.47,6.21,7.77,10.36,10.59
3.15.5,9.02,4.51,5.82,2.06,7.77,4.66,7.56,5.11,7.49,7.49,,9.71,6.82,4.24,11.04,6.72
3.15.10,5.86,5.40,6.12,1.76,11.24,3.99,16.69,5.51,4.08,5.86,,6.44,7.81,2.13,10.67,6.44
3.15.15,7.57,5.13,5.93,1.71,7.91,3.87,16.18,5.34,5.93,3.79,,6.25,7.57,2.07,14.49,6.25
4.10.1,11.22,4.44,,,10.15,,38.75,7.35,,4.26,3.04,,8.20,5.33,,7.27
4.10.3,12.23,5.50,,,13.34,,22.01,5.24,,12.23,4.32,,11.90,3.06,,10.19
4.10.5,12.23,5.50,,,13.34,,22.01,5.24,,12.23,4.32,,11.90,3.06,,10.19
4.10.10,12.17,6.37,,,17.48,,10.02,8.56,,9.34,4.64,,12.17,7.02,,12.23
4.10.15,9.20,9.40,,,9.60,,13.39,11.55,,6.27,4.75,,15.34,10.52,,9.98
4.15.1,7.04,2.78,16.71,2.57,6.37,3.04,24.30,4.61,3.34,2.67,1.91,,5.14,3.34,11.62,4.56
4.15.3,7.92,3.56,7.92,4.75,8.64,3.65,14.25,3.39,8.14,7.92,2.79,,7.70,1.98,10.79,6.60
4.15.5,7.92,3.56,7.92,4.75,8.64,3.65,14.25,3.39,8.14,7.92,2.79,,7.70,1.98,10.79,6.60
4.15.10,7.34,3.84,13.76,5.50,10.54,5.90,6.04,5.16,5.76,5.63,2.80,,7.34,4.23,8.78,7.37
4.15.15,5.55,5.67,13.67,5.55,5.79,5.92,8.08,6.97,3.86,3.78,2.87,,9.25,6.35,10.66,6.02
5.15.1,16.93,6.51,8.06,1.95,12.27,4.52,5.84,3.42,5.38,8.36,7.43,8.30,5.13,2.45,,3.46
5.15.3,6.63,15.54,5.79,2.01,8.06,4.42,3.86,5.91,4.53,6.97,10.54,11.62,5.33,2.06,,6.71
5.15.5,10.28,8.96,6.61,2.31,9.26,5.14,6.61,6.77,2.64,5.44,6.46,14.24,6.04,2.37,,6.86
5.15.10,7.05,21.73,6.06,2.12,3.86,4.70,4.04,6.21,4.83,4.97,10.35,11.44,5.55,2.17,,4.92
5.15.15,6.06,20.71,5.40,1.98,5.60,3.96,3.60,3.73,6.18,4.12,10.10,13.19,6.71,2.06,,6.60
3.10.1,,5.73,10.98,10.55,10.98,6.28,,,,5.73,,13.18,9.09,,15.21,12.26
3.10.3,,5.35,9.93,4.63,11.12,10.69,,,,5.15,,12.63,9.27,,15.44,15.79
3.10.5,,6.77,8.75,3.09,11.66,7.00,,,,11.25,,14.58,10.24,,16.57,10.09
3.10.10,,8.21,9.31,2.69,17.10,6.07,,,,8.91,,9.80,11.88,,16.24,9.80
3.10.15,,8.16,9.43,2.72,12.58,6.15,,,,6.02,,9.93,12.04,,23.03,9.93
5.2.1,,43.97,,,,,,,,,,56.03,,,,
5.2.3,,57.21,,,,,,,,,,42.79,,,,
5.2.5,,38.61,,,,,,,,,,61.39,,,,
5.2.10,,65.52,,,,,,,,,,34.48,,,,
5.2.15,,61.09,,,,,,,,,,38.91,,,,
5.5.1,,21.69,,6.48,,,19.45,,,,24.74,27.65,,,,
5.5.3,,35.66,,4.62,,,8.85,,,,24.19,26.67,,,,
5.5.5,,23.22,,6.00,,,17.14,,,,16.74,36.91,,,,
5.5.10,,43.74,,4.27,,,8.14,,,,20.83,23.02,,,,
5.5.15,,41.77,,3.99,,,7.26,,,,20.37,26.61,,,,
5.10.1,,11.21,,3.35,21.12,7.77,10.05,,9.25,,12.78,14.29,,4.22,,5.95
5.10.3,,22.40,,2.90,11.62,6.38,5.56,,6.53,,15.20,16.76,,2.97,,9.68
5.10.5,,13.81,,3.57,14.27,7.93,10.19,,4.08,,9.96,21.96,,3.66,,10.57
5.10.10,,30.97,,3.02,5.51,6.70,5.76,,6.88,,14.75,16.30,,3.10,,7.01
5.10.15,,27.99,,2.68,7.57,5.35,4.86,,8.36,,13.65,17.83,,2.79,,8.92
3.2.1,,,47.25,,,,,,,,,,,,,52.75
3.2.3,,,38.60,,,,,,,,,,,,,61.40
3.2.5,,,46.43,,,,,,,,,,,,,53.57
3.2.10,,,48.72,,,,,,,,,,,,,51.28
3.2.15,,,48.72,,,,,,,,,,,,,51.28
3.5.1,,,20.39,19.58,20.39,,,,,,,,16.88,,,22.76
3.5.3,,,19.57,9.13,21.91,,,,,,,,18.26,,,31.13
3.5.5,,,19.96,7.04,26.61,,,,,,,,23.36,,,23.03
3.5.10,,,18.33,5.29,33.67,,,,,,,,23.40,,,19.30
3.5.15,,,20.20,5.83,26.93,,,,,,,,25.78,,,21.26
2.2.1,,,,0.00,,,100.00,,,,,,,,,
2.2.3,,,,0.00,,,100.00,,,,,,,,,
2.2.5,,,,0.00,,,100.00,,,,,,,,,
2.2.10,,,,21.13,,,78.87,,,,,,,,,
2.2.15,,,,22.07,,,77.93,,,,,,,,,
2.5.1,,,,0.00,,,50.27,,,,0.00,,,12.14,37.59,
2.5.3,,,,0.00,,,66.22,,,,0.00,,,0.00,33.78,
2.5.5,,,,0.00,,,85.37,,,,0.00,,,0.00,14.63,
2.5.10,,,,12.00,,,44.80,,,,10.34,,,9.53,23.33,
2.5.15,,,,12.16,,,42.96,,,,10.10,,,4.97,29.80,
2.10.1,,,,0.00,3.94,14.95,34.08,4.12,5.92,,0.00,,3.26,8.23,25.49,
2.10.3,,,,0.00,6.45,0.00,50.55,4.75,0.00,,0.00,,12.45,0.00,25.79,
2.10.5,,,,0.00,10.24,4.84,59.71,4.26,5.12,,0.00,,5.60,0.00,10.24,
2.10.10,,,,6.64,14.31,4.96,24.80,6.76,10.33,,5.72,,8.27,5.28,12.92,
2.10.15,,,,7.14,11.66,8.13,25.21,4.66,8.33,,5.93,,8.53,2.91,17.49,
4.5.1,,,,,,,59.98,11.38,,,4.71,,12.69,,,11.25
4.5.3,,,,,,,41.02,9.77,,,8.04,,22.17,,,18.99
4.5.5,,,,,,,41.02,9.77,,,8.04,,22.17,,,18.99
4.5.10,,,,,,,21.04,17.97,,,9.75,,25.56,,,25.68
4.5.15,,,,,,,24.34,21.00,,,8.64,,27.88,,,18.15
4.2.1,,,,,,,,,,,,,53.01,,,46.99
4.2.3,,,,,,,,,,,,,53.87,,,46.13
4.2.5,,,,,,,,,,,,,53.87,,,46.13
4.2.10,,,,,,,,,,,,,49.89,,,50.11
4.2.15,,,,,,,,,,,,,60.57,,,39.43
