ID,"Nottingham, UK","Derby, UK","Northampton, UK","Reading, UK","Birmingham, UK","Sheffield, UK","Lincoln, UK","Exeter, UK","Oxford, UK","Brighton, UK","Noewich, UK","Liverpool, UK","Edinburgh, UK","Manchester, UK","Glasgow, UK","Bristol, UK","London, UK","Cambridge, UK"
1.2.1,17.29,82.71,,,,,,,,,,,,,,,,
1.2.3,54.55,45.45,,,,,,,,,,,,,,,,
1.2.5,35.45,64.55,,,,,,,,,,,,,,,,
1.2.10,70.73,29.27,,,,,,,,,,,,,,,,
1.2.15,77.50,22.50,,,,,,,,,,,,,,,,
1.5.1,29.02,24.19,19.35,10.59,16.85,,,,,,,,,,,,,
1.5.3,30.30,25.25,20.20,6.65,17.59,,,,,,,,,,,,,
1.5.5,44.93,10.05,11.00,7.93,26.09,,,,,,,,,,,,,
1.5.10,28.08,23.40,18.72,13.48,16.31,,,,,,,,,,,,,
1.5.15,31.44,26.20,20.96,11.47,9.93,,,,,,,,,,,,,
1.10.1,18.55,6.05,12.37,6.77,10.77,19.81,5.43,9.68,4.10,6.48,,,,,,,,
1.10.3,16.60,8.30,11.07,6.06,9.64,17.72,7.47,8.92,8.07,6.16,,,,,,,,
1.10.5,6.75,16.63,13.30,4.99,6.09,21.31,3.62,6.09,9.71,11.51,,,,,,,,
1.10.10,21.53,5.54,14.35,7.86,12.50,6.06,4.93,11.57,10.47,5.20,,,,,,,,
1.10.15,18.01,15.00,12.00,6.57,10.45,4.60,4.54,9.67,8.76,10.39,,,,,,,,
1.15.1,12.25,4.16,8.17,1.91,7.11,13.08,5.51,6.58,2.72,7.07,5.25,6.49,4.59,11.81,3.29,,,
1.15.3,14.35,11.96,9.94,5.24,8.33,3.06,2.87,2.68,2.95,3.54,6.15,7.60,5.38,13.84,2.12,,,
1.15.5,11.26,9.38,7.51,4.11,6.54,12.02,5.07,6.05,2.44,2.29,4.83,5.96,4.22,10.86,7.45,,,
1.15.10,11.64,9.70,6.35,4.25,6.76,4.68,5.24,6.26,5.69,6.72,3.25,6.16,4.37,11.23,7.70,,,
1.15.15,2.32,1.89,4.36,2.39,1.80,2.18,3.57,3.51,3.06,58.86,2.80,3.46,2.45,5.19,2.16,,,
2.15.1,2.31,,1.29,2.29,,1.21,1.27,2.48,1.78,1.57,,2.45,1.56,4.73,2.45,71.00,1.17,2.45
2.15.3,17.52,,7.92,6.22,,7.41,4.88,6.72,6.22,5.96,,3.75,1.98,12.85,6.65,4.94,3.19,3.78
2.15.5,16.54,,7.47,5.87,,7.00,2.74,6.35,5.87,5.63,,6.27,4.00,12.13,2.95,4.66,6.27,6.27
2.15.10,17.99,,3.24,6.38,,7.61,2.52,6.90,6.38,4.30,,6.82,4.35,13.19,5.12,5.07,3.30,6.82
2.15.15,7.48,,7.11,4.08,,7.84,5.16,7.11,3.46,6.31,,7.03,4.48,13.60,7.03,5.23,7.03,7.03
3.10.1,10.36,,,9.97,11.24,11.61,7.66,10.68,,,,10.57,6.77,,10.57,,10.57,
3.10.3,11.58,,,6.75,12.57,12.98,8.56,8.26,,,,11.81,7.57,,8.09,,11.81,
3.10.5,11.64,,,11.20,12.63,5.18,8.60,11.99,,,,7.42,7.61,,11.87,,11.87,
3.10.10,11.98,,,8.04,13.00,13.43,7.15,12.10,,,,11.11,4.29,,12.22,,6.68,
3.10.15,13.24,,,12.74,7.63,14.84,9.78,13.64,,,,7.59,8.66,,6.49,,5.40,
3.15.1,7.88,9.35,9.35,7.59,8.55,8.74,5.83,3.39,7.59,7.31,,3.81,2.99,,8.04,5.89,3.69,
3.15.3,7.82,6.70,9.28,7.53,3.73,8.77,5.78,8.06,7.53,7.25,,7.98,5.11,,4.96,5.85,3.66,
3.15.5,7.69,9.12,6.76,7.40,4.13,5.20,5.69,7.93,7.40,7.13,,7.85,5.03,,7.85,5.75,5.08,
3.15.10,8.41,9.98,9.98,4.09,9.13,4.61,6.22,4.05,3.70,6.55,,7.33,2.50,,8.58,6.29,8.58,
3.15.15,7.37,8.75,8.75,6.37,8.00,3.82,5.45,7.60,7.10,5.61,,7.52,4.82,,7.52,3.80,7.52,
4.15.1,15.87,7.58,3.33,6.17,6.94,9.56,3.10,6.60,3.25,3.32,,6.54,8.39,6.01,8.71,4.63,,
4.15.3,14.76,7.04,7.04,3.69,6.46,5.39,6.59,6.14,7.65,5.53,,6.08,2.99,11.48,4.84,4.30,,
4.15.5,6.39,4.31,3.58,4.76,6.70,10.38,7.70,7.17,8.94,6.47,,4.55,9.11,13.41,3.81,2.70,,
4.15.10,13.64,6.51,6.51,5.30,5.97,8.21,6.09,5.67,7.07,5.11,,5.62,7.21,10.61,2.50,3.98,,
4.15.15,2.49,8.15,4.48,6.64,7.47,10.29,7.63,7.10,3.00,6.41,,7.03,9.02,5.91,9.38,4.98,,
4.10.1,,10.56,10.56,,,13.33,6.64,9.20,11.48,5.44,,9.11,,17.22,,6.46,,
4.10.3,,10.76,10.76,,,13.58,10.08,9.38,10.44,8.46,,5.29,,17.54,,3.71,,
4.10.5,,16.22,7.71,,,9.03,8.11,8.11,9.33,12.74,,6.80,,12.04,,9.91,,
4.10.10,,11.33,11.33,,,14.29,10.60,5.93,6.39,8.90,,5.86,,18.46,,6.92,,
4.10.15,,9.96,9.96,,,12.56,9.32,8.67,10.82,7.82,,8.59,,16.22,,6.08,,
5.10.1,,11.37,5.38,,,,,9.78,12.13,8.75,8.27,,9.28,18.49,9.68,6.89,,
5.10.3,,5.15,12.95,,,,,11.14,6.68,6.02,9.42,,8.71,21.06,11.02,7.85,,
5.10.5,,5.82,10.57,,,,,11.02,13.67,9.15,9.32,,10.46,20.83,4.79,4.38,,
5.10.10,,12.21,12.21,,,,,10.50,13.02,9.39,5.75,,4.30,19.85,5.37,7.40,,
5.10.15,,11.89,6.39,,,,,10.23,12.69,7.86,8.65,,5.63,19.34,10.12,7.21,,
5.15.1,,12.83,7.70,,7.00,7.25,7.16,3.44,3.24,5.92,5.60,6.55,6.29,12.52,3.26,4.67,6.55,
5.15.3,,4.40,8.30,,7.55,7.82,7.72,7.14,8.86,6.39,6.04,3.36,3.89,13.50,7.07,2.14,5.83,
5.15.5,,8.27,3.78,,2.92,7.79,7.70,7.12,8.83,6.36,2.80,7.04,6.75,13.45,5.86,4.28,7.04,
5.15.10,,8.10,8.10,,3.64,7.62,3.50,6.96,8.63,3.11,5.89,6.89,6.61,13.16,6.00,4.91,6.89,
5.15.15,,2.61,1.47,,2.38,1.43,2.43,2.25,2.79,2.01,0.96,1.15,2.13,4.25,2.22,69.69,2.22,
4.2.1,,,56.00,,,,,,,44.00,,,,,,,,
4.2.3,,,56.00,,,,,,,44.00,,,,,,,,
4.2.5,,,37.21,,,,,,,62.79,,,,,,,,
4.2.10,,,73.65,,,,,,,26.35,,,,,,,,
4.2.15,,,56.00,,,,,,,44.00,,,,,,,,
4.5.1,,,14.34,,,,25.03,23.29,,21.00,,,,,,16.34,,
4.5.3,,,26.82,,,,25.11,16.51,,21.07,,,,,,10.49,,
4.5.5,,,27.47,,,,25.72,22.18,,13.66,,,,,,10.96,,
4.5.10,,,16.59,,,,31.42,17.48,,26.37,,,,,,8.14,,
4.5.15,,,28.64,,,,26.81,14.00,,13.06,,,,,,17.50,,
2.2.1,,,,71.03,,,,,,,,,,,,28.97,,
2.2.3,,,,63.95,,,,,,,,,,,,36.05,,
2.2.5,,,,55.71,,,,,,,,,,,,44.29,,
2.2.10,,,,55.71,,,,,,,,,,,,44.29,,
2.2.15,,,,55.71,,,,,,,,,,,,44.29,,
2.5.1,,,,10.74,,,,26.97,,,,,16.99,,,18.63,26.66,
2.5.3,,,,2.88,,,,2.73,,,,,1.96,,,89.34,3.08,
2.5.5,,,,27.58,,,,13.72,,,,,18.79,,,10.43,29.48,
2.5.10,,,,30.82,,,,12.67,,,,,15.13,,,17.65,23.73,
2.5.15,,,,21.93,,,,23.72,,,,,13.46,,,17.43,23.45,
2.10.1,,,,10.28,,,8.07,11.11,5.14,,,7.03,7.00,21.24,10.99,8.17,10.99,
2.10.3,,,,5.91,,,8.53,11.75,9.90,,,11.61,3.74,22.45,11.61,2.89,11.61,
2.10.5,,,,11.42,,,4.48,12.35,6.41,,,12.21,7.78,23.61,4.56,4.95,12.21,
2.10.10,,,,7.56,,,9.38,12.92,5.00,,,7.26,3.90,24.69,7.03,9.50,12.77,
2.10.15,,,,12.45,,,9.77,6.89,12.45,,,13.31,8.48,12.06,13.31,4.89,6.36,
3.5.1,,,,,,25.98,17.13,,,,,23.64,,,23.64,,9.61,
3.5.3,,,,,,17.91,20.38,,,,,19.39,,,14.20,,28.12,
3.5.5,,,,,,20.21,15.52,,,,,21.42,,,21.42,,21.42,
3.5.10,,,,,,31.26,11.56,,,,,14.22,,,28.44,,14.51,
3.5.15,,,,,,22.78,15.02,,,,,20.73,,,20.73,,20.73,
5.2.1,,,,,,,,52.79,,47.21,,,,,,,,
5.2.3,,,,,,,,59.39,,40.61,,,,,,,,
5.2.5,,,,,,,,51.02,,48.98,,,,,,,,
5.2.10,,,,,,,,52.79,,47.21,,,,,,,,
5.2.15,,,,,,,,68.37,,31.63,,,,,,,,
5.5.1,,,,,,,,18.75,23.25,13.95,,,8.59,35.45,,,,
5.5.3,,,,,,,,21.23,26.33,18.99,,,20.15,13.30,,,,
5.5.5,,,,,,,,16.74,20.76,14.97,,,15.89,31.64,,,,
5.5.10,,,,,,,,19.05,9.84,17.03,,,18.08,36.00,,,,
5.5.15,,,,,,,,16.74,20.76,14.97,,,15.89,31.64,,,,
3.2.1,,,,,,,,,,,,50.00,,,50.00,,,
3.2.3,,,,,,,,,,,,50.00,,,50.00,,,
3.2.5,,,,,,,,,,,,64.41,,,35.59,,,
3.2.10,,,,,,,,,,,,49.75,,,50.25,,,
3.2.15,,,,,,,,,,,,50.00,,,50.00,,,
